ID   type	latitude	longitude       D	P serviceTime earliestStartTimeToService latestStartTimeToService
48	d	39750124	30485116	0	0	0	0	7000
43A	c	39751072	30479930	10	0	180	63	6449
23	c	39750602	30490429	18	0	120	393	5999
54	c	39750416	30478088	8	0	120	591	6171
72	c	39747793	30474899	20	0	180	338	6399
60A/1	c	39749362	30474844	18	0	180	840	6953
76	c	39747376	30473919	5	0	120	732	6621
38	c	39752887	30483711	18	0	120	106	6734
80	c	39747092	30474594	18	0	120	720	6271
31	c	39752950	30483109	7	0	120	230	6431
73	c	39747617	30474902	19	0	180	600	6112
61B	c	39749062	30476333	0	11	180	459	6815
9	c	39751299	30491815	0	13	120	186	6024
61A/1	c	39749131	30476333	0	10	180	148	6959
37A	c	39751335	30484563	0	18	180	405	6809
34	c	39752970	30487338	0	13	240	239	6713
22C	c	39749469	30489109	0	7	180	656	6514
67	c	39748182	30474837	0	20	120	578	6403
39	c	39752233	30483391	0	5	120	605	5899
65	c	39748201	30476327	0	8	120	87	5881
20	c	39749416	30489487	0	19	180	227	6336
cs1	cs	39744075	30469333	0	0	0	0	7000
cs2	cs	39748305	30477105	0	0	0	0	7000
cs3	cs	39746605	30474623	0	0	0	0	7000
cs4	cs	39753933	30484572	0	0	0	0	7000
cs5	cs	39751670	30480422	0	0	0	0	7000
cs6	cs	39751182	30487697	0	0	0	0	7000
cs7	cs	39752908	30489350	0	0	0	0	7000
cs8	cs	39750889	30492715	0	0	0	0	7000
cs9	cs	39750132	30474637	0	0	0	0	7000
cs10	cs	39749569	30482477	0	0	0	0	7000

V Average velocity of the EV /12.5 m/s (45 km/h)/
C Vehicle load capacity /350 kg/
Q Vehicle battery capacity /1 kWH (3000 kWsn)/
h(r) Energy consumption rate /1.0/
g Battery recharging rate /0.18/
