ID   type	latitude	longitude       D	P serviceTime earliestStartTimeToService latestStartTimeToService
48	d	39750124	30485116	0	0	0	0	5000
123	c	39747098	30475236	11	0	120	653	739
124	c	39747138	30471867	10	0	120	762	841
73	c	39747617	30474902	19	0	180	785	867
74	c	39747131	30474621	7	0	120	1155	1226
75	c	39747236	30473853	11	0	120	586	634
76	c	39747376	30473919	5	0	120	999	1079
77	c	39747091	30474708	18	0	120	713	761
78	c	39747094	30474492	12	0	120	445	506
79	c	39747237	30473743	8	0	120	689	768
80	c	39747092	30474594	18	0	120	286	367
81	c	39747091	30474708	0	12	240	1478	1564
82	c	39747101	30476045	0	10	120	861	905
10	c	39750316	30491958	0	19	120	124	184
13	c	39750779	30491320	0	12	120	1328	1413
14	c	39750497	30491334	0	17	120	334	391
154	c	39750448	30478030	0	19	240	1313	1374
22A	c	39750725	30489306	0	20	240	764	840
22D	c	39750718	30488967	0	18	240	953	1022
23	c	39750602	30490429	0	18	120	752	823
24	c	39750821	30488751	0	20	120	294	373
cs1	cs	39744075	30469333	0	0	0	0	5000
cs2	cs	39748305	30477105	0	0	0	0	5000
cs3	cs	39746605	30474623	0	0	0	0	5000
cs4	cs	39753933	30484572	0	0	0	0	5000
cs5	cs	39751670	30480422	0	0	0	0	5000
cs6	cs	39751182	30487697	0	0	0	0	5000
cs7	cs	39752908	30489350	0	0	0	0	5000
cs8	cs	39750889	30492715	0	0	0	0	5000
cs9	cs	39750132	30474637	0	0	0	0	5000
cs10	cs	39749569	30482477	0	0	0	0	5000

V Average velocity of the EV /12.5 m/s (45 km/h)/
C Vehicle load capacity /350 kg/
Q Vehicle battery capacity /1 kWH (3000 kWsn)/
h(r) Energy consumption rate /1.0/
g Battery recharging rate /0.18/
