ID   type	latitude	longitude       D	P serviceTime earliestStartTimeToService latestStartTimeToService

48	d	39750124	30485116	0	0	0	0	14000
113	c	39753067	30493342	7	0	100	886	13146
114	c	39753050	30492420	7	0	120	108	13179
116	c	39753847	30488222	15	0	100	640	13874
119	c	39752968	30486318	17	0	120	867	13552
26	c	39753624	30489987	5	0	120	988	12882
27	c	39753097	30486867	7	0	120	167	13459
28	c	39753087	30485595	14	0	240	163	13492
29	c	39753082	30485329	5	0	120	472	13579
30	c	39753104	30484268	5	0	120	306	13350
31	c	39752950	30483109	7	0	120	445	13660
19	c	39748356	30488971	0	16	120	843	12942
8	c	39751388	30493135	0	8	120	699	13432
14	c	39750497	30491334	0	17	120	960	13656
59	c	39750375	30474471	0	5	120	968	13037
87	c	39745797	30473663	0	13	120	44	13441
32	c	39752539	30488116	0	19	180	419	13155
58/2	c	39749819	30476332	0	17	240	719	13679
154	c	39750448	30478030	0	19	240	458	13324
41	c	39751122	30481994	0	14	180	181	13279
20	c	39749416	30489487	0	19	180	953	13231
cs1	cs	39744075	30469333	0	0	0	0	14000
cs2	cs	39748305	30477105	0	0	0	0	14000
cs3	cs	39746605	30474623	0	0	0	0	14000
cs4	cs	39753933	30484572	0	0	0	0	14000
cs5	cs	39751670	30480422	0	0	0	0	14000
cs6	cs	39751182	30487697	0	0	0	0	14000
cs7	cs	39752908	30489350	0	0	0	0	14000
cs8	cs	39750889	30492715	0	0	0	0	14000
cs9	cs	39750132	30474637	0	0	0	0	14000
cs10	cs	39749569	30482477	0	0	0	0	14000


V Average velocity of the EV /12.5 m/s (45 km/h)/
C Vehicle load capacity /350 kg/
Q Vehicle battery capacity /1 kWH (3000 kWsn)/
h(r) Energy consumption rate /1.0/
g Battery recharging rate /0.18/
     
