ID   type	latitude	longitude       D	P serviceTime earliestStartTimeToService latestStartTimeToService

48	d	39750124	30485116	0	0	0	0	14000
113	c	39753067	30493342	7	0	100	886	13146
114	c	39753050	30492420	7	0	120	108	13179
116	c	39753847	30488222	15	0	100	640	13874
119	c	39752968	30486318	17	0	120	867	13552
26	c	39753624	30489987	5	0	120	988	12882
27	c	39753097	30486867	7	0	120	167	13459
28	c	39753087	30485595	14	0	240	163	13492
29	c	39753082	30485329	5	0	120	472	13579
30	c	39753104	30484268	5	0	120	306	13350
31	c	39752950	30483109	7	0	120	445	13660
34	c	39752970	30487338	0	13	240	7	12899
38	c	39752887	30483711	0	18	120	383	12941
5	c	39753051	30492640	0	13	120	185	12881
117	c	39749351	30491168	0	20	120	411	13046
121	c	39749195	30474898	0	8	100	914	13719
122	c	39749195	30476336	0	9	100	531	13866
16	c	39749308	30491449	0	13	120	133	13107
17	c	39749178	30489155	0	9	180	963	13541
18	c	39748798	30488982	0	11	120	702	13257
20	c	39749416	30489487	0	19	180	953	13231
cs1	cs	39744075	30469333	0	0	0	0	14000
cs2	cs	39748305	30477105	0	0	0	0	14000
cs3	cs	39746605	30474623	0	0	0	0	14000
cs4	cs	39753933	30484572	0	0	0	0	14000
cs5	cs	39751670	30480422	0	0	0	0	14000
cs6	cs	39751182	30487697	0	0	0	0	14000
cs7	cs	39752908	30489350	0	0	0	0	14000
cs8	cs	39750889	30492715	0	0	0	0	14000
cs9	cs	39750132	30474637	0	0	0	0	14000
cs10	cs	39749569	30482477	0	0	0	0	14000


V Average velocity of the EV /12.5 m/s (45 km/h)/
C Vehicle load capacity /350 kg/
Q Vehicle battery capacity /1 kWH (3000 kWsn)/
h(r) Energy consumption rate /1.0/
g Battery recharging rate /0.18/
     
