ID   type	latitude	longitude       D	P serviceTime earliestStartTimeToService latestStartTimeToService
48	d	39750124	30485116	0	0	0	0	7000
117	c	39749351	30491168	20	0	120	720	6271
121	c	39749195	30474898	8	0	100	493	5833
122	c	39749195	30476336	9	0	100	54	6063
16	c	39749308	30491449	13	0	120	152	6764
17	c	39749178	30489155	9	0	180	316	6150
18	c	39748798	30488982	11	0	120	89	6028
20	c	39749416	30489487	19	0	180	719	6093
21	c	39749471	30489002	20	0	180	393	5999
22E	c	39749475	30489244	16	0	180	302	6420
22B	c	39749472	30489346	9	0	180	820	6280
22C	c	39749469	30489109	0	7	180	379	6905
52	c	39748937	30480167	0	16	120	322	5943
56	c	39749427	30476711	0	17	180	338	6399
60B/1	c	39749234	30474840	0	9	180	469	6093
60B/2	c	39749234	30474840	0	9	240	624	6650
60A/1	c	39749362	30474844	0	18	180	313	5969
60A/2	c	39749362	30474844	0	15	240	223	6085
61B	c	39749062	30476333	0	11	180	230	6431
61A/1	c	39749131	30476333	0	10	180	740	6117
61A/2	c	39749131	30476333	0	11	240	146	6560
cs1	cs	39744075	30469333	0	0	0	0	7000
cs2	cs	39748305	30477105	0	0	0	0	7000
cs3	cs	39746605	30474623	0	0	0	0	7000
cs4	cs	39753933	30484572	0	0	0	0	7000
cs5	cs	39751670	30480422	0	0	0	0	7000
cs6	cs	39751182	30487697	0	0	0	0	7000
cs7	cs	39752908	30489350	0	0	0	0	7000
cs8	cs	39750889	30492715	0	0	0	0	7000
cs9	cs	39750132	30474637	0	0	0	0	7000
cs10	cs	39749569	30482477	0	0	0	0	7000

V Average velocity of the EV /12.5 m/s (45 km/h)/
C Vehicle load capacity /350 kg/
Q Vehicle battery capacity /1 kWH (3000 kWsn)/
h(r) Energy consumption rate /1.0/
g Battery recharging rate /0.18/
