ID   type	latitude	longitude       D	P serviceTime earliestStartTimeToService latestStartTimeToService

48	d	39750124	30485116	0	0	0	0	14000
118	c	39748484	30489481	6	0	120	459	13200
19	c	39748356	30488971	16	0	120	843	12942
62	c	39748424	30474837	11	0	120	544	13458
63	c	39748436	30474896	18	0	180	416	13096
64	c	39748436	30476328	10	0	120	604	13730
65	c	39748201	30476327	8	0	120	137	13581
66	c	39748210	30474900	17	0	180	418	13305
67	c	39748182	30474837	20	0	120	108	13895
68	c	39747973	30474841	19	0	120	776	13667
69	c	39747988	30474900	17	0	180	770	13811
70	c	39747980	30476323	8	0	120	665	13981
71	c	39747743	30476326	17	0	120	278	13337
72	c	39747793	30474899	20	0	180	321	13628
11	c	39751078	30491364	20	0	120	818	12841
12	c	39751132	30491299	11	0	120	160	13630
33	c	39751610	30487475	14	0	180	385	13580
36	c	39751436	30485759	15	0	180	702	13612
37B	c	39751355	30484827	15	0	180	889	13165
37A	c	39751335	30484563	18	0	180	959	13466
41	c	39751122	30481994	14	0	180	181	13279
57	c	39749750	30476333	0	6	180	68	13213
73	c	39747617	30474902	0	19	180	538	13236
83	c	39746378	30476496	0	11	120	372	13391
45	c	39750728	30486316	0	13	180	248	13176
42A	c	39751097	30481668	0	11	240	320	13312
116	c	39753847	30488222	0	15	100	640	13874
22A	c	39750725	30489306	0	20	240	356	13073
52	c	39748937	30480167	0	16	120	430	13684
53	c	39750733	30480165	0	14	120	153	12807
1	c	39752498	30490950	0	10	120	759	12959
29	c	39753082	30485329	0	5	120	472	13579
31	c	39752950	30483109	0	7	120	445	13660
75	c	39747236	30473853	0	11	120	104	13318
88	c	39743705	30469487	0	8	240	113	13578
3	c	39752214	30489639	0	8	120	745	13407
60A/1	c	39749362	30474844	0	18	180	869	13418
47	c	39751337	30485070	0	15	180	1	13101
61A/2	c	39749131	30476333	0	11	240	112	13335
59	c	39750375	30474471	0	5	120	968	13037
77	c	39747091	30474708	0	18	120	584	13190
cs1	cs	39744075	30469333	0	0	0	0	14000
cs2	cs	39748305	30477105	0	0	0	0	14000
cs3	cs	39746605	30474623	0	0	0	0	14000
cs4	cs	39753933	30484572	0	0	0	0	14000
cs5	cs	39751670	30480422	0	0	0	0	14000
cs6	cs	39751182	30487697	0	0	0	0	14000
cs7	cs	39752908	30489350	0	0	0	0	14000
cs8	cs	39750889	30492715	0	0	0	0	14000
cs9	cs	39750132	30474637	0	0	0	0	14000
cs10	cs	39749569	30482477	0	0	0	0	14000


V Average velocity of the EV /12.5 m/s (45 km/h)/
C Vehicle load capacity /350 kg/
Q Vehicle battery capacity /1 kWH (3000 kWsn)/
h(r) Energy consumption rate /1.0/
g Battery recharging rate /0.18/
     
