ID   type	latitude	longitude       D	P serviceTime earliestStartTimeToService latestStartTimeToService

48	d	39750124	30485116	0	0	0	0	14000
118	c	39748484	30489481	6	0	120	459	13200
19	c	39748356	30488971	16	0	120	843	12942
62	c	39748424	30474837	11	0	120	544	13458
63	c	39748436	30474896	18	0	180	416	13096
64	c	39748436	30476328	10	0	120	604	13730
65	c	39748201	30476327	8	0	120	137	13581
66	c	39748210	30474900	17	0	180	418	13305
67	c	39748182	30474837	20	0	120	108	13895
68	c	39747973	30474841	19	0	120	776	13667
69	c	39747988	30474900	17	0	180	770	13811
70	c	39747980	30476323	8	0	120	665	13981
71	c	39747743	30476326	17	0	120	278	13337
72	c	39747793	30474899	20	0	180	321	13628
11	c	39751078	30491364	20	0	120	818	12841
12	c	39751132	30491299	11	0	120	160	13630
33	c	39751610	30487475	14	0	180	385	13580
36	c	39751436	30485759	15	0	180	702	13612
37B	c	39751355	30484827	15	0	180	889	13165
37A	c	39751335	30484563	18	0	180	959	13466
41	c	39751122	30481994	14	0	180	181	13279
42C	c	39751074	30480695	0	5	240	254	13899
42A	c	39751097	30481668	0	11	240	320	13312
43A	c	39751072	30479930	0	10	180	467	13635
43B	c	39751072	30479666	0	14	180	679	13566
44	c	39751059	30477202	0	7	120	342	13215
46	c	39751358	30485299	0	19	180	977	12918
47	c	39751337	30485070	0	15	180	1	13101
49	c	39751162	30483036	0	10	120	437	13371
55	c	39751013	30476982	0	9	120	20	13157
6	c	39751267	30489180	0	15	180	500	13310
7	c	39751035	30489245	0	5	120	160	13535
8	c	39751388	30493135	0	8	120	699	13432
9	c	39751299	30491815	0	13	120	619	13115
123	c	39747098	30475236	0	11	120	216	13523
124	c	39747138	30471867	0	10	120	799	13793
73	c	39747617	30474902	0	19	180	538	13236
74	c	39747131	30474621	0	7	120	144	13444
75	c	39747236	30473853	0	11	120	104	13318
76	c	39747376	30473919	0	5	120	442	13979
77	c	39747091	30474708	0	18	120	584	13190
cs1	cs	39744075	30469333	0	0	0	0	14000
cs2	cs	39748305	30477105	0	0	0	0	14000
cs3	cs	39746605	30474623	0	0	0	0	14000
cs4	cs	39753933	30484572	0	0	0	0	14000
cs5	cs	39751670	30480422	0	0	0	0	14000
cs6	cs	39751182	30487697	0	0	0	0	14000
cs7	cs	39752908	30489350	0	0	0	0	14000
cs8	cs	39750889	30492715	0	0	0	0	14000
cs9	cs	39750132	30474637	0	0	0	0	14000
cs10	cs	39749569	30482477	0	0	0	0	14000


V Average velocity of the EV /12.5 m/s (45 km/h)/
C Vehicle load capacity /350 kg/
Q Vehicle battery capacity /1 kWH (3000 kWsn)/
h(r) Energy consumption rate /1.0/
g Battery recharging rate /0.18/
     
