ID   type	latitude	longitude       D	P serviceTime earliestStartTimeToService latestStartTimeToService
48	d	39750124	30485116	0	0	0	0	7000
117	c	39749351	30491168	20	0	120	720	6271
121	c	39749195	30474898	8	0	100	493	5833
122	c	39749195	30476336	9	0	100	54	6063
16	c	39749308	30491449	13	0	120	152	6764
17	c	39749178	30489155	9	0	180	316	6150
18	c	39748798	30488982	11	0	120	89	6028
20	c	39749416	30489487	19	0	180	719	6093
21	c	39749471	30489002	20	0	180	393	5999
22E	c	39749475	30489244	16	0	180	302	6420
22B	c	39749472	30489346	9	0	180	820	6280
43A	c	39751072	30479930	0	10	180	63	6449
23	c	39750602	30490429	0	18	120	239	6713
54	c	39750416	30478088	0	8	120	591	6171
72	c	39747793	30474899	0	20	180	338	6399
60A/1	c	39749362	30474844	0	18	180	840	6953
76	c	39747376	30473919	0	5	120	732	6621
38	c	39752887	30483711	0	18	120	106	6734
80	c	39747092	30474594	0	18	120	578	6403
31	c	39752950	30483109	0	7	120	230	6431
73	c	39747617	30474902	0	19	180	600	6112
cs1	cs	39744075	30469333	0	0	0	0	7000
cs2	cs	39748305	30477105	0	0	0	0	7000
cs3	cs	39746605	30474623	0	0	0	0	7000
cs4	cs	39753933	30484572	0	0	0	0	7000
cs5	cs	39751670	30480422	0	0	0	0	7000
cs6	cs	39751182	30487697	0	0	0	0	7000
cs7	cs	39752908	30489350	0	0	0	0	7000
cs8	cs	39750889	30492715	0	0	0	0	7000
cs9	cs	39750132	30474637	0	0	0	0	7000
cs10	cs	39749569	30482477	0	0	0	0	7000

V Average velocity of the EV /12.5 m/s (45 km/h)/
C Vehicle load capacity /350 kg/
Q Vehicle battery capacity /1 kWH (3000 kWsn)/
h(r) Energy consumption rate /1.0/
g Battery recharging rate /0.18/
