ID   type	latitude	longitude       D	P serviceTime earliestStartTimeToService latestStartTimeToService
48	d	39750124	30485116	0	0	0	0	5000
18	c	39748798	30488982	11	0	120	708	780
78	c	39747094	30474492	12	0	120	100	151
40	c	39751745	30482277	14	0	120	412	487
10	c	39750316	30491958	19	0	120	1158	1205
88	c	39743705	30469487	8	0	240	1313	1374
44	c	39751059	30477202	7	0	120	65	112
36	c	39751436	30485759	15	0	180	276	320
123	c	39747098	30475236	11	0	120	468	548
22D	c	39750718	30488967	18	0	240	1372	1448
25	c	39752493	30488382	11	0	120	1451	1501
56	c	39749427	30476711	0	17	180	953	1022
118	c	39748484	30489481	0	6	120	324	377
20	c	39749416	30489487	0	19	180	752	823
11	c	39751078	30491364	0	20	120	912	984
43C	c	39752207	30479961	0	8	120	34	78
6	c	39751267	30489180	0	15	180	1478	1564
9	c	39751299	30491815	0	13	120	1536	1585
153	c	39750033	30481107	0	11	180	1523	1578
37B	c	39751355	30484827	0	15	180	509	579
4	c	39751816	30492367	0	15	120	713	761
cs1	cs	39744075	30469333	0	0	0	0	5000
cs2	cs	39748305	30477105	0	0	0	0	5000
cs3	cs	39746605	30474623	0	0	0	0	5000
cs4	cs	39753933	30484572	0	0	0	0	5000
cs5	cs	39751670	30480422	0	0	0	0	5000
cs6	cs	39751182	30487697	0	0	0	0	5000
cs7	cs	39752908	30489350	0	0	0	0	5000
cs8	cs	39750889	30492715	0	0	0	0	5000
cs9	cs	39750132	30474637	0	0	0	0	5000
cs10	cs	39749569	30482477	0	0	0	0	5000

V Average velocity of the EV /12.5 m/s (45 km/h)/
C Vehicle load capacity /350 kg/
Q Vehicle battery capacity /1 kWH (3000 kWsn)/
h(r) Energy consumption rate /1.0/
g Battery recharging rate /0.18/
