ID   type	latitude	longitude       D	P serviceTime earliestStartTimeToService latestStartTimeToService

48	d	39750124	30485116	0	0	0	0	14000
57	c	39749750	30476333	6	0	180	68	13213
73	c	39747617	30474902	19	0	180	538	13236
83	c	39746378	30476496	11	0	120	372	13391
45	c	39750728	30486316	13	0	180	248	13176
42A	c	39751097	30481668	11	0	240	320	13312
116	c	39753847	30488222	15	0	100	640	13874
22A	c	39750725	30489306	20	0	240	356	13073
41	c	39751122	30481994	14	0	180	181	13279
53	c	39750733	30480165	14	0	120	153	12807
1	c	39752498	30490950	10	0	120	759	12959
29	c	39753082	30485329	5	0	120	472	13579
31	c	39752950	30483109	7	0	120	445	13660
75	c	39747236	30473853	11	0	120	104	13318
88	c	39743705	30469487	8	0	240	113	13578
3	c	39752214	30489639	8	0	120	745	13407
60A/1	c	39749362	30474844	18	0	180	869	13418
47	c	39751337	30485070	15	0	180	1	13101
61A/2	c	39749131	30476333	11	0	240	112	13335
59	c	39750375	30474471	5	0	120	968	13037
77	c	39747091	30474708	18	0	120	584	13190
52	c	39748937	30480167	0	16	120	430	13684
72	c	39747793	30474899	0	20	180	321	13628
17	c	39749178	30489155	0	9	180	963	13541
10	c	39750316	30491958	0	19	120	244	13802
54	c	39750416	30478088	0	8	120	960	13670
71	c	39747743	30476326	0	17	120	278	13337
60A/2	c	39749362	30474844	0	15	240	4	13815
22D	c	39750718	30488967	0	18	240	577	13452
42C	c	39751074	30480695	0	5	240	254	13899
5	c	39753051	30492640	0	13	120	185	12881
9	c	39751299	30491815	0	13	120	619	13115
37A	c	39751335	30484563	0	18	180	959	13466
125	c	39752357	30493098	0	11	120	573	13805
118	c	39748484	30489481	0	6	120	459	13200
60B/1	c	39749234	30474840	0	9	180	649	13406
55	c	39751013	30476982	0	9	120	20	13157
121	c	39749195	30474898	0	8	100	914	13719
67	c	39748182	30474837	0	20	120	108	13895
69	c	39747988	30474900	0	17	180	770	13811
18	c	39748798	30488982	0	11	120	702	13257
cs1	cs	39744075	30469333	0	0	0	0	14000
cs2	cs	39748305	30477105	0	0	0	0	14000
cs3	cs	39746605	30474623	0	0	0	0	14000
cs4	cs	39753933	30484572	0	0	0	0	14000
cs5	cs	39751670	30480422	0	0	0	0	14000
cs6	cs	39751182	30487697	0	0	0	0	14000
cs7	cs	39752908	30489350	0	0	0	0	14000
cs8	cs	39750889	30492715	0	0	0	0	14000
cs9	cs	39750132	30474637	0	0	0	0	14000
cs10	cs	39749569	30482477	0	0	0	0	14000


V Average velocity of the EV /12.5 m/s (45 km/h)/
C Vehicle load capacity /350 kg/
Q Vehicle battery capacity /1 kWH (3000 kWsn)/
h(r) Energy consumption rate /1.0/
g Battery recharging rate /0.18/
     
