ID   type	latitude	longitude       D	P serviceTime earliestStartTimeToService latestStartTimeToService

48	d	39750124	30485116	0	0	0	0	14000
19	c	39748356	30488971	16	0	120	843	12942
8	c	39751388	30493135	8	0	120	699	13432
14	c	39750497	30491334	17	0	120	960	13656
59	c	39750375	30474471	5	0	120	968	13037
87	c	39745797	30473663	13	0	120	44	13441
32	c	39752539	30488116	19	0	180	419	13155
58/2	c	39749819	30476332	17	0	240	719	13679
154	c	39750448	30478030	19	0	240	458	13324
41	c	39751122	30481994	14	0	180	181	13279
20	c	39749416	30489487	19	0	180	953	13231
13	c	39750779	30491320	0	12	120	527	12859
38	c	39752887	30483711	0	18	120	383	12941
22E	c	39749475	30489244	0	16	180	757	13218
22C	c	39749469	30489109	0	7	180	66	13298
21	c	39749471	30489002	0	20	180	431	13396
22D	c	39750718	30488967	0	18	240	577	13452
120	c	39750087	30485560	0	20	120	342	13042
66	c	39748210	30474900	0	17	180	418	13305
34	c	39752970	30487338	0	13	240	7	12899
77	c	39747091	30474708	0	18	120	584	13190
cs1	cs	39744075	30469333	0	0	0	0	14000
cs2	cs	39748305	30477105	0	0	0	0	14000
cs3	cs	39746605	30474623	0	0	0	0	14000
cs4	cs	39753933	30484572	0	0	0	0	14000
cs5	cs	39751670	30480422	0	0	0	0	14000
cs6	cs	39751182	30487697	0	0	0	0	14000
cs7	cs	39752908	30489350	0	0	0	0	14000
cs8	cs	39750889	30492715	0	0	0	0	14000
cs9	cs	39750132	30474637	0	0	0	0	14000
cs10	cs	39749569	30482477	0	0	0	0	14000


V Average velocity of the EV /12.5 m/s (45 km/h)/
C Vehicle load capacity /350 kg/
Q Vehicle battery capacity /1 kWH (3000 kWsn)/
h(r) Energy consumption rate /1.0/
g Battery recharging rate /0.18/
     
